48.3613677428224
26.7419590534627
2.10898259795742
39.8567760414317
55.1017985179263
29.5340689627363
3.21034005579299
73.3114190411133
96.2883783514926
78.9231699974064
15.9997136971662
72.3658748754573
58.1438287815961
59.8364553637713
65.7059391722673
49.7565734581213
81.2882540674054
27.9292000485158
41.1841600678929
54.3464631402148
92.5207984131708
42.7715258817719
94.8180970192594
47.5633760409701
54.1290693737032
72.5326249332163
96.3308336691323
37.5390207935979
35.2232193562669
19.6728560031983
45.9334801811567
39.6352609329529
92.6038204595066
20.9220108076746
25.2993077676546
82.3216434602164
22.849652671274
56.2775545700606
11.2191735646283
37.4457975131245
34.044145304625
10.6277387482172
6.01650575267105
40.0157667979848
22.5413774365955
70.0940508734673
31.2836606354152
82.9890138280797
7.88853319612182
31.7239744783048
10.9229733541476
55.8098316678039
8.42518585485681
87.4782146455066
65.4047733551221
82.3618531699449
91.6360929991316
63.8139777439797
81.9833124520269
5.30686077406812
67.4498966427213
9.81353386932288
6.59343612026194
10.7477047660756
37.1163864970229
77.849307812361
99.4666964825732
20.057885079687
48.6977980584613
71.217143767929
63.5929856844017
90.4334225182147
62.1951258066846
98.5688119337977
6.70678626052319
58.1371384881671
67.8795771093611
95.212051167712
56.8941349950878
52.4065999931373
44.9632664956815
4.40396554814663
53.7828283084548
28.1332987604595
3.82737128243618
22.8859170223925
12.3599816253106
69.5110467992552
32.8056711876848
3.71555160686359
10.829016586797
31.7983053647747
81.0476169236105
67.9522357519827
21.2543850202808
0.331138249548257
29.2920721240197
62.4340252814881
24.9560064757296
59.5584820748086
14.1912096402436
13.7406502358973
82.6662968604161
54.8626539843361
15.442547493993
89.486409623612
59.3858399609908
61.7155760664934
44.7033603518265
61.6526659495496
64.5791381940912
45.6166966459103
24.8851122924175
46.6113042511417
72.868770110815
49.5871212638237
63.0979388603787
61.3355263518743
37.4950622988691
52.7955786734931
67.7140011592994
69.4119700503089
7.63753700072478
87.4532691995407
42.9296098195503
79.9800139830174
82.853854213621
65.9144302404895
49.7118552674043
80.1031147922792
16.4474981111614
70.0789521240801
35.459899084227
22.5088430238676
9.18252929883614
48.9752926503772
99.3520491628923
39.8740955403345
11.5936797976853
95.3396431977869
25.1673238180442
88.3832080583154
45.6046183937785
89.1197728172487
63.1996540346403
7.51110633045743
