 1
 2
 3
 4
 5
 6
 7
 8
 9
 10 70 127
 11 97
 12
 13
 14
 15
 16
 17
 18
 19
 20 56
 21
 22
 23
 24 140
 25
 26
 27 32
 28
 29
 30
 31
 33
 34
 35
 36
 37
 38
 39 134
 40
 41
 42 107 157
 43
 44
 45 149
 46
 47
 48 72
 49
 50
 51
 52
 53 94
 54
 55 60
 57
 58
 59
 61
 62
 63
 64
 65
 66
 67
 68
 69 75
 71
 73
 74
 76
 77
 78
 79
 80
 81
 82
 83
 84
 85
 86
 87
 88
 89
 90
 91
 92
 93
 95
 96
 98
 99
 100
 101
 102
 103
 104
 105
 106
 108
 109
 110
 111
 112
 113
 114
 115
 116
 117
 118
 119
 120
 121
 122
 123
 124 152
 125
 126
 128
 129 148 161
 130
 131
 132
 133
 135 152
 136
 137
 138
 139
 141
 142
 143
 144
 145
 146
 147
 150
 151
 134 153
 154
 155
 156
 158
 159
 160
 162
 163
