-0.263738
-0.420389
-0.023649
-0.46578
0.513756
0.0245794
-0.119929
-0.389397
-0.08423
-0.527761
0.861913
0.365543
0.613202
0.314624
0.74276
-0.417268
-0.07896
0.570657
-0.314975
-0.37058
1.43195
0.244333
0.638199
0.869653
0.315153
-0.358786
-0.169877
-0.27452
0.402294
1.86847
-0.329359
-0.0746551
1.83763
1.11386
0.155084
0.0702298
-0.455851
2.28608
1.24511
-0.464407
-0.383258
2.37976
-0.184101
0.344378
-0.476556
-0.473931
0.107657
0.586682
-0.547637
-0.197388
1.74828
-0.526008
0.761914
-0.396691
0.119844
1.00711
-0.478509
-0.262078
-0.398071
0.543935
0.859084
2.95231
-1.08587
0.802165
0.257895
-0.23451
0.350371
-0.365485
-0.222693
0.873957
1.35936
