 1 2 3 4 5 6 7 8 9 10 11 13 14 16 18 19 22 23 26 30 33 35 36 37 38 40 41 42 43 44 45 49 51 52 53 54 55 57 58 59 60 62 63 64 65 67 68 70 73 77 78 79 81 83 84 85 86 88 91 92 93 94 96 98 99 100 102 103 105 106 107 108 113 116 118 120 122 125 128 130 131 132 133 134 135 137 138 139 140 143 145 147 149 154 155 156 158 159 160 162 163 164 165 166 167 168 170 171 172 174 175 177 179 180 181 183 186 187 188 190 191 195 196 199 200 201 202 203 204 207 208 209 210 211 212 215 216 217 218 219 220 222 223 226 229 230 231 232 233 234 236 237 241 243 245 247 248 249 250 251 255 256 257 259 261 262 265 266 267 268 269 270 271 272 273 274 276 277 278 281 283 285 288 292 294 296 297 298 299 301 302 303 304 305 309 310 317 320 321 322 323 325 326 327 328 329 331 334 335 337 338 340 341 343 344 347 350 351 352 353 355 358 359 361 362 364 365 366 367 369 371 372 374 375 376 384 385 386 387 388 392 394 395 399 400 402
 12 39 121 182 238 258 312 315
 15 61 72 141 169 173 192 221 224 252 263 313 324 346 360 363 370 396 397
 17 20 27 28 31 198 378
 21 146 314 319
 24
 25 35 39 46 65 71 78 100 112 114 121 149 184 212 213 247 253 260 310 333 377 379 381 382 398 403
 27 28 29 31 32 136 148 282 307 311 342
 34 74 109 178 254 356 360 383 390
 27 31 46 47 48 49 61 66 72 95 97 104 123 127 131 136 139 145 148 150 169 173 187 197 213 221 224 252 263 282 292 303 307 311 316 342 344 349 355 369 370 379 381 393
 50
 56
 69 71 82 110 112 142 151 153 184 193 194 214 253 260 308 318 380 391
 8 67 74 75 80 84 103 109 126 155 180 231 233 239 241 248 249 254 288 332 335 356 365 383 387
 76
 87
 89 114 214 291 377 382
 90
 27 46 71 82 101 111 112 136 144 153 184 189 194 213 214 240 253 260 284 300 318 357 379 380 391 393 398 403
 115
 117
 119 242 264 279
 124
 10 11 40 52 62 95 96 98 129 161 167 179 192 203 206 218 256 272 292 297 298 302 313 327 338 370 397 399
 152
 157
 176
 185
 4 9 18 35 41 59 60 63 65 70 71 83 97 99 100 106 110 116 118 123 125 131 134 142 144 147 149 151 154 163 170 181 183 188 190 193 202 205 208 210 212 213 217 232 235 247 259 277 278 286 303 308 310 317 320 331 334 337 340 347 359 369 380
 225 330
 227
 228 289
 244 306
 246
 275 383
 39 114 121 126 178 280 356 389 401
 287
 2 3 6 8 10 11 13 16 19 26 30 37 40 42 43 44 51 52 54 62 64 73 77 79 81 84 92 94 96 103 105 108 113 120 128 130 132 133 135 140 159 160 162 164 166 167 171 172 174 179 186 191 195 201 203 204 206 207 216 218 220 223 229 231 233 237 241 243 248 249 256 262 268 269 270 272 273 274 281 288 290 296 297 298 299 301 302 305 309 322 323 327 329 335 341 358 361 362 364 366 371 372 375 376 386 388 394 395 397 399 400 402
 178 293 389 390 401
 295
 336
 32 339
 345
 5 7 13 14 22 23 30 36 38 43 45 51 53 57 86 92 93 102 108 122 130 138 143 158 162 164 165 166 168 175 179 188 195 199 200 209 211 219 220 222 223 226 230 234 245 251 257 265 267 268 269 271 273 276 285 294 297 299 322 323 328 329 348 351 352 353 367 372 384 385 386 388 392
 354
 368
 373 391
